5
2
0.05
267.342
267.354
267.377
267.412
267.458
267.517
267.589
267.674
267.772
267.886
268.015
268.161
268.325
268.509
268.714
268.942
269.197
269.48
269.796
270.148
270.542
270.984
271.48
272.04
272.676
273.402
274.236
275.202
276.332
277.668
279.269
281.221
283.647
286.742
290.821
296.445
304.707
318.063
343.057
400.651
570.02
282.016
282.05
282.119
282.223
282.362
282.539
282.753
283.007
283.303
283.642
284.029
284.466
284.956
285.505
286.118
286.801
287.562
288.409
289.352
290.403
291.579
292.896
294.376
296.046
297.939
300.099
302.577
305.443
308.79
312.738
317.458
323.187
330.273
339.24
350.919
366.696
389.026
422.551
476.571
570.179
739.468
296.655
296.712
296.826
296.998
297.23
297.522
297.877
298.299
298.789
299.352
299.993
300.716
301.529
302.438
303.453
304.583
305.841
307.24
308.798
310.535
312.474
314.644
317.081
319.828
322.937
326.476
330.529
335.205
340.645
347.038
354.638
363.798
375.017
389.026
406.92
430.395
462.15
506.543
570.497
664.026
797.142
311.238
311.317
311.475
311.714
312.036
312.442
312.936
313.521
314.202
314.984
315.873
316.877
318.005
319.266
320.672
322.237
323.978
325.914
328.067
330.464
333.138
336.127
339.477
343.247
347.505
352.339
357.858
364.201
371.547
380.13
390.258
402.348
416.972
434.927
457.338
485.813
522.637
570.975
634.849
718.285
822.216
325.741
325.842
326.044
326.348
326.758
327.275
327.904
328.648
329.515
330.509
331.64
332.915
334.347
335.948
337.731
339.716
341.92
344.37
347.091
350.117
353.487
357.247
361.455
366.177
371.497
377.517
384.363
392.195
401.214
411.676
423.915
438.364
455.597
476.372
501.694
532.881
571.612
619.869
679.64
752.048
835.651
340.144
340.265
340.509
340.877
341.372
341.996
342.755
343.654
344.699
345.898
347.26
348.797
350.521
352.446
354.59
356.973
359.619
362.553
365.81
369.425
373.445
377.921
382.917
388.509
394.789
401.868
409.883
419.003
429.437
441.446
455.361
471.597
490.68
513.269
540.183
572.407
611.058
657.251
711.794
774.617
843.993
354.425
354.567
354.851
355.28
355.856
356.583
357.467
358.513
359.729
361.123
362.707
364.492
366.493
368.726
371.211
373.969
377.027
380.416
384.17
388.33
392.946
398.075
403.784
410.154
417.282
425.284
434.299
444.496
456.083
469.311
484.487
501.984
522.256
545.841
573.362
605.507
642.962
686.283
735.667
790.633
849.696
368.565
368.725
369.048
369.535
370.189
371.014
372.016
373.202
374.58
376.16
377.952
379.971
382.233
384.754
387.557
390.665
394.106
397.913
402.123
406.78
411.935
417.648
423.989
431.041
438.901
447.686
457.531
468.601
481.089
495.228
511.29
529.597
550.52
574.476
601.918
633.297
669
709.251
753.959
802.551
853.855
382.543
382.722
383.081
383.623
384.35
385.268
386.382
387.699
389.23
390.983
392.971
395.209
397.713
400.502
403.598
407.028
410.819
415.006
419.629
424.731
430.366
436.593
443.484
451.12
459.597
469.026
479.539
491.286
504.445
519.221
535.849
554.594
575.749
599.626
626.537
656.761
690.491
727.763
768.366
811.757
857.03
396.343
396.539
396.932
397.525
398.321
399.325
400.544
401.984
403.656
405.57
407.74
410.18
412.907
415.942
419.307
423.028
427.136
431.665
436.654
442.15
448.203
454.875
462.233
470.358
479.34
489.284
500.312
512.56
526.185
541.363
558.291
577.18
598.256
621.742
647.844
676.719
708.441
742.945
779.983
819.081
859.535
409.947
410.159
410.584
411.224
412.084
413.168
414.483
416.038
417.84
419.903
422.239
424.864
427.794
431.052
434.659
438.642
443.032
447.863
453.174
459.011
465.423
472.47
480.217
488.738
498.12
508.459
519.864
532.456
546.37
561.756
578.77
597.581
618.353
641.243
666.376
693.831
723.607
755.593
789.542
825.05
861.567
423.339
423.565
424.019
424.704
425.622
426.78
428.184
429.843
431.765
433.963
436.449
439.241
442.355
445.811
449.634
453.849
458.487
463.581
469.169
475.296
482.009
489.365
497.425
506.258
515.944
526.569
538.229
551.03
565.086
580.518
597.454
616.02
636.334
658.499
682.587
708.623
736.563
766.279
797.54
830.009
863.248
436.504
436.744
437.225
437.949
438.921
440.146
441.631
443.383
445.414
447.733
450.355
453.296
456.573
460.205
464.217
468.634
473.486
478.804
484.626
490.994
497.953
505.556
513.859
522.927
532.829
543.643
555.453
568.348
582.424
597.778
614.509
632.71
652.463
673.832
696.851
721.509
747.743
775.42
804.332
834.197
864.664
449.43
449.682
450.187
450.947
451.968
453.253
454.81
456.647
458.773
461.201
463.943
467.015
470.434
474.22
478.396
482.985
488.017
493.523
499.538
506.1
513.254
521.046
529.529
538.76
548.802
559.722
571.592
584.487
598.484
613.661
630.093
647.847
666.976
687.517
709.475
732.821
757.48
783.325
810.172
837.783
865.873
462.104
462.366
462.893
463.686
464.749
466.088
467.709
469.62
471.832
474.354
477.201
480.387
483.929
487.846
492.159
496.894
502.075
507.734
513.902
520.616
527.916
535.845
544.45
553.782
563.897
574.851
586.706
599.523
613.364
628.29
644.356
661.608
680.079
699.783
720.71
742.819
766.031
790.228
815.248
840.889
866.919
474.515
474.787
475.332
476.154
477.255
478.641
480.318
482.294
484.579
487.183
490.119
493.402
497.048
501.075
505.503
510.355
515.656
521.434
527.72
534.546
541.949
549.967
558.644
568.023
578.152
589.08
600.857
613.534
627.16
641.779
657.433
674.15
691.948
710.826
730.765
751.714
773.598
796.308
819.701
843.608
867.833
486.654
486.934
487.496
488.342
489.476
490.902
492.627
494.659
497.006
499.68
502.692
506.055
509.786
513.902
518.422
523.367
528.76
534.628
540.998
547.899
555.366
563.432
572.135
581.514
591.608
602.459
614.108
626.597
639.961
654.235
669.446
685.611
702.736
720.811
739.807
759.675
780.34
801.704
823.642
846.008
868.639
498.513
498.8
499.376
500.243
501.404
502.865
504.63
506.709
509.108
511.839
514.912
518.341
522.14
526.326
530.916
535.93
541.39
547.319
553.743
560.688
568.184
576.261
584.951
594.289
604.307
615.04
626.522
638.783
651.852
665.754
680.504
696.112
712.574
729.873
747.978
766.838
786.384
806.525
827.153
848.143
869.356
510.084
510.378
510.965
511.849
513.033
514.522
516.321
518.437
520.878
523.655
526.777
530.256
534.108
538.345
542.986
548.048
553.551
559.516
565.966
572.926
580.42
588.476
597.12
606.383
616.291
626.873
638.155
650.161
662.912
676.424
690.706
705.759
721.574
738.131
755.395
773.317
791.832
810.859
830.303
850.056
869.997
521.363
521.661
522.258
523.156
524.358
525.869
527.694
529.84
532.314
535.125
538.283
541.8
545.688
549.962
554.635
559.725
565.25
571.228
577.681
584.629
592.095
600.101
608.672
617.831
627.602
638.006
649.064
660.794
673.211
686.324
700.136
714.643
729.833
745.681
762.153
779.202
796.767
814.776
833.145
851.779
870.575
532.343
532.645
533.249
534.158
535.374
536.902
538.747
540.915
543.412
546.248
549.432
552.973
556.884
561.178
565.867
570.967
576.495
582.467
588.9
595.814
603.228
611.162
619.636
628.668
638.279
648.484
659.301
670.741
682.814
695.524
708.871
722.846
737.433
752.607
768.334
784.57
801.258
818.334
835.722
853.34
871.097
543.022
543.326
543.936
544.852
546.079
547.619
549.477
551.66
554.173
557.024
560.222
563.776
567.698
571.997
576.688
581.783
587.296
593.243
599.639
606.5
613.843
621.684
630.04
638.927
648.36
658.352
668.914
680.055
691.78
704.089
716.978
730.436
744.445
758.98
774.008
789.486
805.362
821.579
838.07
854.76
871.573
553.396
553.702
554.315
555.237
556.469
558.017
559.883
562.074
564.595
567.453
570.656
574.213
578.133
582.426
587.105
592.18
597.664
603.57
609.912
616.703
623.958
631.691
639.914
648.641
657.883
667.649
677.948
688.785
700.161
712.074
724.516
737.475
750.932
764.861
779.231
794.002
809.126
824.551
840.217
856.059
872.008
563.465
563.772
564.386
565.31
566.546
568.096
569.965
572.158
574.68
577.537
580.736
584.286
588.194
592.471
597.125
602.167
607.609
613.461
619.735
626.443
633.597
641.207
649.285
657.84
666.88
676.414
686.445
696.976
708.006
719.529
731.537
744.016
756.946
770.302
784.054
798.164
812.59
827.282
842.188
857.25
872.406
573.226
573.533
574.148
575.072
576.307
577.857
579.724
581.913
584.429
587.278
590.466
594
597.888
602.137
606.757
611.756
617.144
622.931
629.125
635.738
642.778
650.256
658.178
666.552
675.385
684.681
694.443
704.669
715.357
726.5
738.088
750.105
762.533
775.348
788.518
802.011
815.787
829.8
844.004
858.346
872.773
582.681
582.987
583.601
584.522
585.754
587.299
589.16
591.341
593.846
596.681
599.851
603.361
607.22
611.434
616.01
620.956
626.281
631.992
638.097
644.605
651.524
658.859
666.618
674.806
683.427
692.483
701.975
711.899
722.252
733.026
744.208
755.784
767.735
780.036
792.661
805.576
818.745
832.128
845.682
859.359
873.111
591.829
592.134
592.745
593.663
594.889
596.426
598.277
600.445
602.934
605.748
608.893
612.374
616.197
620.368
624.892
629.778
635.031
640.658
646.666
653.062
659.851
667.039
674.63
682.628
691.034
699.85
709.074
718.702
728.728
739.143
749.935
761.089
772.586
784.402
796.512
808.886
821.489
834.285
847.235
860.296
873.424
600.673
600.976
601.583
602.494
603.712
605.239
607.076
609.227
611.696
614.485
617.601
621.046
624.826
628.947
633.414
638.232
643.406
648.944
654.848
661.126
667.78
674.816
682.235
690.04
698.232
706.809
715.768
725.106
734.814
744.883
755.301
766.051
777.117
788.475
800.101
811.966
824.04
836.29
848.677
861.166
873.715
609.213
609.513
610.116
611.02
612.228
613.741
615.562
617.693
620.137
622.897
625.978
629.382
633.115
637.181
641.584
646.329
651.42
656.862
662.658
668.812
675.329
682.209
689.455
697.067
705.044
713.385
722.085
731.139
740.539
750.275
760.333
770.699
781.355
792.279
803.449
814.838
826.417
838.155
850.019
861.975
873.985
617.452
617.75
618.346
619.242
620.438
621.936
623.737
625.845
628.261
630.988
634.031
637.391
641.072
645.078
649.413
654.08
659.083
664.425
670.109
676.137
682.513
689.236
696.308
703.728
711.493
719.602
728.049
736.827
745.929
755.343
765.058
775.057
785.324
795.838
806.578
817.519
828.634
839.895
851.27
862.728
874.237
625.393
625.688
626.278
627.164
628.346
629.826
631.607
633.688
636.074
638.765
641.766
645.077
648.703
652.646
656.909
661.495
666.407
671.646
677.215
683.116
689.349
695.915
702.813
710.042
717.599
725.481
733.68
742.192
751.006
760.112
769.497
779.147
789.045
799.172
809.507
820.027
830.706
841.519
852.437
863.432
874.472
633.04
633.331
633.914
634.788
635.956
637.418
639.175
641.228
643.581
646.234
649.189
652.45
656.018
659.895
664.083
668.585
673.403
678.537
683.99
689.762
695.852
702.262
708.988
716.029
723.381
731.041
739
747.253
755.79
764.601
773.672
782.99
792.538
802.298
812.251
822.374
832.645
843.038
853.529
864.089
874.692
640.395
640.683
641.257
642.12
643.272
644.714
646.446
648.47
650.787
653.399
656.308
659.516
663.023
666.831
670.943
675.36
680.082
685.11
690.446
696.088
702.037
708.291
714.848
721.705
728.857
736.3
744.027
752.031
760.302
768.829
777.601
786.602
795.818
805.232
814.824
824.574
834.461
844.461
854.55
864.704
874.897
647.463
647.747
648.313
649.164
650.299
651.719
653.425
655.418
657.699
660.269
663.129
666.281
669.726
673.465
677.499
681.828
686.454
691.376
696.595
702.109
707.917
714.018
720.408
727.084
734.042
741.275
748.778
756.541
764.557
772.814
781.299
790
798.902
807.987
817.239
826.637
836.163
845.793
855.507
865.28
875.089
654.248
654.527
655.085
655.923
657.04
658.438
660.117
662.078
664.321
666.847
669.658
672.754
676.136
679.804
683.759
688.001
692.53
697.346
702.448
707.835
713.505
719.455
725.682
732.182
738.951
745.981
753.267
760.8
768.571
776.569
784.782
793.198
801.801
810.576
819.507
828.574
837.76
847.043
856.404
865.82
875.27
660.754
661.029
661.578
662.402
663.502
664.877
666.528
668.455
670.66
673.142
675.902
678.941
682.259
685.856
689.732
693.887
698.32
703.03
708.017
713.279
718.812
724.615
730.683
737.012
743.598
750.432
757.51
764.821
772.358
780.109
788.063
796.207
804.528
813.01
821.637
830.393
839.259
848.217
857.246
866.327
875.439
666.985
667.255
667.796
668.606
669.687
671.039
672.662
674.556
676.721
679.159
681.868
684.849
688.103
691.629
695.426
699.494
703.832
708.438
713.312
718.45
723.85
729.509
735.423
741.587
747.995
754.641
761.518
768.617
775.93
783.446
791.153
799.04
807.094
815.299
823.64
832.102
840.667
849.318
858.036
866.802
875.597
672.947
673.212
673.743
674.54
675.602
676.93
678.525
680.385
682.511
684.903
687.562
690.486
693.675
697.13
700.849
704.831
709.075
713.579
718.341
723.359
728.63
734.149
739.913
745.917
752.154
758.619
765.303
772.2
779.299
786.591
794.064
801.707
809.507
817.451
825.522
833.707
841.989
850.352
858.777
867.248
875.746
678.642
678.903
679.425
680.208
681.251
682.556
684.121
685.948
688.035
690.382
692.989
695.856
698.983
702.367
706.009
709.906
714.058
718.462
723.116
728.016
733.161
738.545
744.164
750.013
756.086
762.377
768.877
775.58
782.476
789.554
796.806
804.218
811.778
819.474
827.291
835.216
843.231
851.323
859.473
867.667
875.886
684.077
684.334
684.846
685.615
686.64
687.921
689.458
691.25
693.298
695.6
698.157
700.968
704.032
707.347
710.913
714.727
718.789
723.095
727.643
732.43
737.452
742.705
748.184
753.885
759.8
765.924
772.249
778.767
785.469
792.346
799.386
806.579
813.914
821.376
828.954
836.632
844.397
852.234
860.127
868.06
876.017
689.256
689.508
690.011
690.766
691.772
693.03
694.538
696.297
698.306
700.565
703.072
705.827
708.829
712.077
715.568
719.302
723.275
727.486
731.931
736.608
741.512
746.639
751.984
757.542
763.306
769.271
775.428
781.77
788.288
794.973
801.814
808.8
815.921
823.163
830.515
837.962
845.492
853.089
860.74
868.429
876.14
694.183
694.43
694.924
695.666
696.653
697.888
699.368
701.094
703.065
705.28
707.739
710.439
713.381
716.562
719.981
723.636
727.524
731.643
735.989
740.559
745.349
750.355
755.571
760.992
766.612
772.425
778.423
784.598
790.941
797.444
804.096
810.887
817.806
824.841
831.98
839.211
846.519
853.892
861.315
868.774
876.256
698.863
699.106
699.591
700.319
701.288
702.5
703.953
705.646
707.58
709.752
712.163
714.811
717.694
720.81
724.159
727.737
731.542
735.572
739.822
744.29
748.97
753.86
758.953
764.243
769.726
775.394
781.24
787.256
793.434
799.765
806.239
812.846
819.575
826.415
833.354
840.381
847.481
854.644
861.854
869.098
876.364
703.3
703.539
704.015
704.729
705.681
706.871
708.296
709.958
711.855
713.986
716.351
718.946
721.772
724.827
728.107
731.611
735.337
739.28
743.438
747.807
752.383
757.161
762.136
767.303
772.655
778.185
783.887
789.753
795.775
801.943
808.249
814.682
821.233
827.89
834.642
841.477
848.383
855.347
862.358
869.402
876.465
707.5
707.734
708.201
708.903
709.837
711.005
712.404
714.035
715.897
717.988
720.307
722.852
725.623
728.617
731.831
735.264
738.913
742.774
746.843
751.118
755.594
760.266
765.129
770.177
775.405
780.805
786.371
792.095
797.969
803.984
810.132
816.402
822.785
829.269
835.845
842.501
849.225
856.005
862.829
869.685
876.56
711.465
711.695
712.154
712.843
713.761
714.907
716.281
717.882
719.709
721.761
724.036
726.533
729.251
732.186
735.337
738.702
742.276
746.058
750.044
754.229
758.609
763.18
767.936
772.872
777.982
783.259
788.696
794.286
800.021
805.893
811.892
818.009
824.234
830.558
836.97
843.458
850.012
856.619
863.269
869.949
876.648
715.2
715.426
715.877
716.554
717.455
718.581
719.93
721.502
723.296
725.31
727.543
729.994
732.66
735.54
738.63
741.929
745.433
749.139
753.044
757.144
761.433
765.908
770.563
775.393
780.392
785.553
790.869
796.333
801.937
807.674
813.533
819.507
825.586
831.759
838.017
844.349
850.744
857.191
863.679
870.195
876.73
718.71
718.932
719.376
720.04
720.926
722.032
723.357
724.901
726.663
728.641
730.834
733.239
735.856
738.682
741.715
744.951
748.388
752.022
755.85
759.868
764.072
768.456
773.016
777.746
782.64
787.691
792.893
798.239
803.722
809.332
815.061
820.901
826.842
832.876
838.99
845.177
851.424
857.722
864.059
870.424
876.806
721.999
722.217
722.652
723.306
724.176
725.263
726.566
728.083
729.814
731.757
733.911
736.274
738.844
741.618
744.595
747.772
751.145
754.711
758.467
762.408
766.53
770.829
775.299
779.934
784.73
789.679
794.774
800.01
805.378
810.87
816.478
822.194
828.007
833.91
839.892
845.944
852.054
858.214
864.411
870.636
876.877
725.069
725.283
725.712
726.354
727.21
728.279
729.559
731.051
732.752
734.662
736.779
739.101
741.626
744.352
747.276
750.396
753.709
757.211
760.898
764.766
768.812
773.03
777.416
781.963
786.666
791.519
796.516
801.648
806.91
812.292
817.788
823.388
829.083
834.866
840.725
846.652
852.636
858.667
864.736
870.831
876.942
727.925
728.136
728.557
729.189
730.031
731.082
732.342
733.809
735.482
737.36
739.442
741.725
744.208
746.888
749.762
752.829
756.084
759.525
763.147
766.948
770.922
775.064
779.371
783.835
788.453
793.217
798.121
803.158
808.321
813.602
818.993
824.486
830.073
835.744
841.49
847.302
853.17
859.084
865.034
871.01
877.002
730.57
730.778
731.192
731.814
732.643
733.677
734.917
736.361
738.007
739.856
741.904
744.15
746.592
749.228
752.056
755.072
758.273
761.657
765.219
768.956
772.862
776.935
781.167
785.556
790.093
794.774
799.593
804.541
809.613
814.801
820.096
825.491
830.978
836.547
842.19
847.897
853.658
859.465
865.307
871.174
877.056
733.008
733.212
733.621
734.233
735.049
736.068
737.288
738.71
740.331
742.151
744.167
746.379
748.783
751.378
754.161
757.13
760.281
763.611
767.116
770.793
774.638
778.644
782.809
787.126
791.59
796.195
800.934
805.802
810.79
815.892
821.1
826.405
831.801
837.277
842.825
848.436
854.101
859.81
865.554
871.323
877.106
735.241
735.442
735.845
736.448
737.252
738.256
739.459
740.859
742.456
744.249
746.236
748.414
750.783
753.339
756.081
759.005
762.109
765.389
768.842
772.464
776.25
780.196
784.298
788.55
792.946
797.481
802.148
806.941
811.853
816.877
822.005
827.23
832.542
837.934
843.397
848.922
854.5
860.121
865.777
871.456
877.15
737.273
737.472
737.868
738.463
739.256
740.245
741.431
742.812
744.386
746.154
748.112
750.26
752.595
755.115
757.818
760.701
763.761
766.995
770.399
773.97
777.703
781.593
785.637
789.829
794.163
798.634
803.236
807.962
812.805
817.759
822.815
827.966
833.204
838.521
843.908
849.355
854.855
860.398
865.975
871.575
877.19
739.107
739.302
739.694
740.281
741.063
742.039
743.208
744.57
746.124
747.867
749.8
751.918
754.222
756.709
759.376
762.22
765.24
768.431
771.79
775.313
778.997
782.837
786.828
790.966
795.244
799.657
804.2
808.865
813.647
818.537
823.529
828.615
833.788
839.037
844.357
849.737
855.168
860.642
866.149
871.68
877.225
740.744
740.938
741.324
741.903
742.675
743.639
744.793
746.138
747.671
749.393
751.3
753.392
755.667
758.122
760.756
763.565
766.547
769.698
773.016
776.497
780.136
783.93
787.873
791.961
796.189
800.551
805.041
809.652
814.379
819.214
824.15
829.179
834.293
839.485
844.745
850.066
855.438
860.852
866.299
871.77
877.255
742.189
742.38
742.761
743.334
744.096
745.047
746.188
747.516
749.031
750.731
752.616
754.683
756.931
759.357
761.96
764.736
767.684
770.8
774.08
777.522
781.121
784.873
788.773
792.818
797.001
801.317
805.76
810.325
815.003
819.79
824.677
829.657
834.722
839.863
845.074
850.344
855.666
861.029
866.426
871.846
877.28
743.442
743.631
744.008
744.574
745.327
746.268
747.395
748.708
750.205
751.886
753.75
755.793
758.016
760.416
762.99
765.737
768.653
771.736
774.983
778.389
781.952
785.667
789.53
793.535
797.679
801.955
806.359
810.882
815.52
820.266
825.111
830.05
835.073
840.173
845.342
850.571
855.852
861.174
866.529
871.908
877.301
744.508
744.694
745.067
745.626
746.371
747.301
748.416
749.715
751.196
752.859
754.703
756.725
758.925
761.3
763.848
766.568
769.456
772.509
775.725
779.1
782.631
786.313
790.143
794.115
798.225
802.467
806.836
811.326
815.93
820.641
825.453
830.357
835.347
840.415
845.551
850.747
855.995
861.285
866.609
871.956
877.317
745.386
745.571
745.94
746.493
747.23
748.15
749.254
750.539
752.005
753.652
755.477
757.479
759.658
762.011
764.535
767.23
770.092
773.12
776.309
779.656
783.159
786.813
790.614
794.557
798.639
802.853
807.193
811.655
816.231
820.916
825.701
830.58
835.545
840.587
845.699
850.872
856.096
861.364
866.664
871.989
877.328
746.08
746.263
746.628
747.176
747.905
748.817
749.909
751.182
752.634
754.265
756.073
758.058
760.217
762.549
765.053
767.725
770.565
773.568
776.733
780.057
783.535
787.165
790.942
794.862
798.92
803.111
807.429
811.87
816.425
821.09
825.856
830.717
835.664
840.69
845.787
850.945
856.155
861.408
866.696
872.008
877.334
746.591
746.772
747.134
747.677
748.399
749.302
750.384
751.646
753.085
754.701
756.494
758.462
760.603
762.917
765.401
768.053
770.872
773.856
777
780.303
783.761
787.37
791.127
795.028
799.068
803.242
807.544
811.969
816.51
821.162
825.917
830.767
835.705
840.723
845.813
850.965
856.17
861.419
866.703
872.012
877.336
746.922
747.101
747.46
747.997
748.713
749.608
750.681
751.931
753.358
754.961
756.74
758.692
760.817
763.114
765.581
768.215
771.016
773.981
777.108
780.393
783.834
787.428
791.169
795.056
799.082
803.244
807.535
811.951
816.485
821.131
825.881
830.729
835.666
840.685
845.776
850.932
856.141
861.396
866.686
872.001
877.332
747.073
747.251
747.606
748.139
748.849
749.736
750.8
752.04
753.456
755.046
756.811
758.749
760.86
763.141
765.592
768.211
770.996
773.946
777.057
780.328
783.756
787.336
791.067
794.943
798.961
803.116
807.403
811.816
816.349
820.996
825.749
830.602
835.546
840.574
845.676
850.844
856.067
861.337
866.643
871.976
877.323
747.046
747.223
747.575
748.103
748.808
749.688
750.743
751.973
753.378
754.957
756.709
758.634
760.731
762.999
765.435
768.041
770.812
773.748
776.847
780.107
783.524
787.095
790.818
794.689
798.703
802.857
807.144
811.56
816.098
820.753
825.517
830.383
835.343
840.388
845.51
850.7
855.947
861.242
866.575
871.934
877.31
746.844
747.018
747.368
747.892
748.591
749.464
750.511
751.732
753.127
754.695
756.435
758.348
760.432
762.687
765.111
767.704
770.463
773.388
776.477
779.728
783.137
786.703
790.422
794.292
798.307
802.463
806.757
811.182
815.732
820.402
825.184
830.07
835.054
840.126
845.277
850.498
855.779
861.11
866.479
871.876
877.29
746.466
746.64
746.986
747.506
748.199
749.066
750.105
751.317
752.702
754.259
755.989
757.89
759.962
762.205
764.618
767.199
769.949
772.865
775.946
779.189
782.594
786.158
789.877
793.748
797.768
801.933
806.238
810.678
815.246
819.938
824.745
829.661
834.677
839.785
844.975
850.237
855.562
860.938
866.355
871.801
877.265
745.916
746.088
746.431
746.947
747.635
748.495
749.526
750.73
752.105
753.652
755.371
757.261
759.322
761.554
763.956
766.528
769.268
772.176
775.251
778.49
781.893
785.456
789.178
793.056
797.085
801.263
805.584
810.045
814.638
819.358
824.198
829.151
834.208
839.361
844.599
849.913
855.293
860.726
866.202
871.709
877.234
745.193
745.364
745.705
746.216
746.899
747.752
748.776
749.97
751.336
752.873
754.581
756.461
758.511
760.733
763.125
765.687
768.42
771.321
774.391
777.628
781.03
784.597
788.324
792.211
796.254
800.449
804.792
809.278
813.903
818.658
823.539
828.537
833.644
838.851
844.148
849.525
854.97
860.472
866.019
871.598
877.197
744.3
744.469
744.807
745.315
745.992
746.838
747.854
749.04
750.396
751.923
753.621
755.489
757.529
759.74
762.123
764.677
767.402
770.298
773.364
776.6
780.004
783.575
787.312
791.211
795.271
799.487
803.857
808.374
813.036
817.834
822.763
827.814
832.98
838.251
843.617
849.067
854.59
860.173
865.803
871.468
877.154
743.238
743.406
743.741
744.244
744.915
745.754
746.763
747.94
749.286
750.803
752.489
754.347
756.376
758.577
760.95
763.495
766.214
769.105
772.168
775.404
778.811
782.389
786.136
790.051
794.13
798.372
802.773
807.327
812.031
816.879
821.863
826.977
832.211
837.556
843.002
848.537
854.149
859.826
865.553
871.317
877.103
742.008
742.174
742.507
743.005
743.67
744.502
745.502
746.67
748.006
749.512
751.187
753.033
755.051
757.241
759.604
762.141
764.853
767.739
770.8
774.036
777.448
781.034
784.793
788.725
792.828
797.099
801.534
806.131
810.884
815.787
820.835
826.019
831.331
836.761
842.298
847.93
853.645
859.429
865.267
871.144
877.045
740.613
740.777
741.106
741.6
742.258
743.083
744.074
745.231
746.557
748.05
749.714
751.548
753.554
755.733
758.085
760.613
763.317
766.198
769.256
772.493
775.909
779.504
783.278
787.229
791.357
795.66
800.135
804.778
809.585
814.552
819.67
824.933
830.333
835.858
841.498
847.24
853.071
858.977
864.941
870.947
876.98
739.053
739.215
739.541
740.029
740.681
741.497
742.478
743.625
744.939
746.42
748.07
749.891
751.884
754.05
756.391
758.908
761.604
764.479
767.534
770.772
774.192
777.796
781.585
785.557
789.712
794.05
798.567
803.261
808.128
813.164
818.361
823.712
829.209
834.84
840.596
846.462
852.424
858.466
864.572
870.725
876.905
737.33
737.491
737.812
738.295
738.94
739.747
740.717
741.852
743.153
744.62
746.256
748.063
750.041
752.193
754.521
757.026
759.712
762.579
765.63
768.867
772.291
775.905
779.708
783.701
787.885
792.259
796.822
801.571
806.503
811.614
816.897
822.345
827.949
833.699
839.583
845.587
851.695
857.892
864.158
870.474
876.821
735.447
735.605
735.923
736.399
737.036
737.833
738.792
739.914
741.2
742.652
744.272
746.062
748.024
750.16
752.472
754.964
757.637
760.495
763.54
766.775
770.202
773.823
777.64
781.655
785.868
790.28
794.891
799.698
804.7
809.891
815.268
820.822
826.544
832.425
838.451
844.608
850.88
857.248
863.692
870.193
876.727
733.405
733.561
733.874
734.344
734.971
735.758
736.704
737.811
739.081
740.516
742.118
743.889
745.832
747.95
750.245
752.72
755.379
758.225
761.261
764.491
767.918
771.545
775.375
779.41
783.652
788.103
792.763
797.631
802.706
807.985
813.461
819.13
824.981
831.005
837.188
843.514
849.967
856.527
863.171
869.878
876.622
731.207
731.36
731.668
732.13
732.748
733.522
734.454
735.545
736.798
738.214
739.795
741.545
743.467
745.563
747.837
750.292
752.933
755.764
758.788
762.01
765.434
769.064
772.904
776.958
781.228
785.717
790.427
795.358
800.509
805.879
811.463
817.255
823.246
829.426
835.781
842.294
848.948
855.721
862.588
869.525
876.504
728.855
729.006
729.308
729.762
730.369
731.129
732.045
733.118
734.351
735.745
737.304
739.03
740.926
742.997
745.247
747.679
750.298
753.109
756.117
759.327
762.744
766.374
770.22
774.289
778.585
783.11
787.87
792.864
798.094
803.56
809.257
815.18
821.322
827.671
834.215
840.935
847.811
854.82
861.936
869.13
876.371
726.352
726.5
726.796
727.24
727.835
728.581
729.479
730.532
731.743
733.112
734.645
736.343
738.212
740.254
742.475
744.879
747.472
750.258
753.245
756.437
759.842
763.466
767.314
771.394
775.711
780.27
785.077
790.134
795.445
801.008
806.824
812.887
819.19
825.723
832.472
839.418
846.54
853.813
861.206
868.687
876.223
723.701
723.845
724.135
724.569
725.151
725.88
726.759
727.789
728.974
730.317
731.82
733.487
735.323
737.332
739.519
741.89
744.451
747.207
750.166
753.335
756.722
760.333
764.177
768.262
772.595
777.183
782.033
787.152
792.541
798.205
804.144
810.354
816.829
823.56
830.532
837.726
845.12
852.684
860.387
868.19
876.056
720.906
721.047
721.328
721.752
722.318
723.029
723.886
724.892
726.049
727.361
728.831
730.463
732.261
734.232
736.38
738.712
741.234
743.953
746.878
750.016
753.376
756.967
760.799
764.881
769.223
773.834
778.722
783.897
789.364
795.128
801.192
807.555
814.212
821.155
828.369
835.835
843.529
851.418
859.466
867.631
875.869
717.97
718.107
718.38
718.791
719.341
720.032
720.865
721.843
722.969
724.247
725.679
727.271
729.028
730.955
733.057
735.343
737.82
740.494
743.376
746.474
749.799
753.361
757.171
761.241
765.582
770.206
775.125
780.35
785.889
791.752
797.942
804.462
811.31
818.478
825.954
833.718
841.742
849.993
858.428
867
875.657
714.898
715.03
715.294
715.692
716.224
716.892
717.699
718.647
719.738
720.977
722.368
723.915
725.624
727.501
729.552
731.785
734.207
736.828
739.658
742.706
745.985
749.506
753.283
757.329
761.658
766.284
771.223
776.488
782.092
788.047
794.361
801.041
808.087
815.494
823.252
831.339
839.729
848.382
857.253
866.285
875.417
711.694
711.821
712.075
712.458
712.971
713.615
714.392
715.306
716.359
717.556
718.9
720.398
722.053
723.873
725.865
728.036
730.396
732.954
735.72
738.708
741.929
745.396
749.126
753.134
757.436
762.051
766.995
772.287
777.944
783.982
790.415
797.254
804.502
812.16
820.219
828.659
837.452
846.555
855.916
865.47
875.143
708.363
708.484
708.728
709.095
709.586
710.203
710.949
711.826
712.837
713.987
715.28
716.722
718.317
720.073
721.998
724.099
726.386
728.87
731.563
734.476
737.625
741.024
744.691
748.644
752.902
757.487
762.419
767.721
773.415
779.523
786.065
793.056
800.508
808.426
816.804
825.627
834.864
844.471
854.386
864.535
874.828
704.91
705.026
705.258
705.607
706.075
706.663
707.375
708.211
709.177
710.276
711.512
712.892
714.42
716.105
717.954
719.976
722.18
724.579
727.184
730.009
733.071
736.385
739.971
743.849
748.043
752.575
757.473
762.762
768.473
774.631
781.264
788.397
796.048
804.23
812.945
822.18
831.907
842.078
852.623
863.454
874.464
701.341
701.451
701.67
702.001
702.444
703.001
703.674
704.468
705.383
706.426
707.601
708.912
710.367
711.973
713.737
715.67
717.78
720.081
722.585
725.307
728.263
731.474
734.958
738.739
742.844
747.298
752.134
757.384
763.082
769.263
775.965
783.22
791.058
799.503
808.565
818.241
828.506
839.31
850.574
862.195
874.039
697.663
697.766
697.972
698.282
698.698
699.222
699.855
700.601
701.463
702.445
703.552
704.79
706.164
707.682
709.353
711.185
713.19
715.38
717.767
720.369
723.203
726.288
729.648
733.307
737.294
741.641
746.382
751.557
757.207
763.376
770.112
777.459
785.462
794.157
803.572
813.714
824.566
836.08
848.171
860.71
873.537
693.881
693.977
694.169
694.458
694.845
695.333
695.923
696.618
697.422
698.339
699.373
700.53
701.817
703.239
704.807
706.529
708.416
710.48
712.736
715.2
717.891
720.829
724.038
727.546
731.385
735.588
740.197
745.255
750.812
756.923
763.646
771.042
779.172
788.093
797.852
808.476
819.964
832.275
845.317
858.939
872.936
690.004
690.093
690.269
690.536
690.892
691.342
691.886
692.527
693.269
694.116
695.072
696.142
697.333
698.652
700.107
701.707
703.463
705.389
707.497
709.805
712.331
715.098
718.13
721.456
725.11
729.131
733.562
738.454
743.864
749.858
756.508
763.892
772.092
781.192
791.266
802.373
814.539
827.74
841.884
856.792
872.205
686.039
686.12
686.28
686.522
686.847
687.256
687.751
688.335
689.011
689.783
690.655
691.633
692.721
693.928
695.261
696.729
698.342
700.114
702.058
704.191
706.531
709.101
711.927
715.038
718.469
722.263
726.465
731.134
736.333
742.138
748.636
755.925
764.113
773.315
783.647
795.211
808.079
822.263
837.684
854.142
871.298
681.994
682.066
682.21
682.427
682.717
683.084
683.527
684.051
684.658
685.351
686.134
687.012
687.992
689.078
690.28
691.605
693.063
694.667
696.431
698.369
700.501
702.849
705.438
708.299
711.467
714.985
718.904
723.283
728.195
733.725
739.973
747.059
755.119
764.309
774.796
786.746
800.303
815.548
832.449
850.792
870.142
677.877
677.94
678.066
678.257
678.512
678.834
679.224
679.684
680.218
680.828
681.517
682.291
683.155
684.114
685.175
686.347
687.639
689.062
690.628
692.354
694.256
696.356
698.678
701.253
704.115
707.307
710.882
714.9
719.44
724.592
730.472
737.218
744.996
754.007
764.481
776.673
790.837
807.179
825.772
846.436
868.621
673.697
673.751
673.859
674.022
674.241
674.516
674.85
675.245
675.702
676.224
676.816
677.481
678.222
679.047
679.96
680.969
682.083
683.312
684.667
686.162
687.813
689.64
691.666
693.919
696.432
699.247
702.415
705.997
710.071
714.733
720.106
726.344
733.641
742.241
752.449
764.629
779.194
796.559
817.023
840.559
866.527
669.463
669.508
669.597
669.731
669.912
670.14
670.416
670.742
671.12
671.553
672.042
672.593
673.207
673.891
674.649
675.487
676.413
677.436
678.566
679.814
681.194
682.725
684.427
686.324
688.448
690.835
693.534
696.601
700.113
704.163
708.876
714.411
720.982
728.869
738.444
750.198
764.751
782.84
805.201
832.251
863.454
665.185
665.22
665.29
665.395
665.537
665.715
665.932
666.187
666.484
666.823
667.208
667.64
668.123
668.661
669.257
669.917
670.647
671.454
672.346
673.332
674.426
675.64
676.992
678.503
680.2
682.113
684.283
686.762
689.616
692.931
696.822
701.443
707.006
713.807
722.262
732.968
746.773
764.85
788.691
819.789
858.49
660.871
660.896
660.947
661.022
661.124
661.252
661.408
661.592
661.805
662.049
662.326
662.637
662.985
663.372
663.801
664.277
664.804
665.386
666.031
666.744
667.536
668.416
669.398
670.498
671.734
673.133
674.724
676.548
678.658
681.123
684.038
687.533
691.794
697.09
703.829
712.64
724.523
741.094
764.923
799.724
849.21
656.533
656.548
656.578
656.624
656.685
656.762
656.856
656.967
657.095
657.243
657.409
657.597
657.807
658.04
658.3
658.587
658.905
659.257
659.647
660.078
660.558
661.091
661.687
662.355
663.107
663.959
664.931
666.049
667.345
668.866
670.674
672.858
675.545
678.931
683.325
689.238
697.584
710.082
730.184
764.972
827.836
652.179
652.184
652.194
652.21
652.23
652.256
652.287
652.324
652.367
652.416
652.472
652.535
652.605
652.683
652.77
652.866
652.972
653.09
653.22
653.365
653.525
653.704
653.904
654.128
654.38
654.667
654.994
655.37
655.807
656.322
656.935
657.678
658.598
659.766
661.299
663.406
666.491
671.467
680.759
702.146
764.997